Thanks for using our Algorithm
	[4]		[11]	[1]		[2]	
	[14]	[8]		[10]	[12]	
	[3]		[9]		[5]		[0]	
	[15]	[6]		[7]		[13]	
---------------------Inverse-------------
	[11]	[2]		[3]		[8]	
	[0]		[10]	[13]	[14]	
	[5]		[9]		[6]		[1]	
	[7]		[15]	[4]		[12]	
file [0][tables/s_box1.DES]
	[5]		[14]	[12]	[13]	
	[11]	[2]		[7]		[6]	
	[3]		[0]		[8]		[1]	
	[9]		[10]	[4]		[15]	
---------------------Inverse-------------
	[9]		[11]	[5]		[8]	
	[14]	[0]		[7]		[6]	
	[10]	[12]	[13]	[4]	
	[2]		[3]		[1]		[15]	
file [1][tables/s_box2.DES]
	[10]	[7]		[11]	[3]	
	[4]		[9]		[14]	[15]	
	[2]		[1]		[8]		[13]	
	[12]	[5]		[0]		[6]	
---------------------Inverse-------------
	[14]	[9]		[8]		[3]	
	[4]		[13]	[15]	[1]	
	[10]	[5]		[0]		[2]	
	[12]	[11]	[6]		[7]	
file [2][tables/s_box3.DES]
	[15]	[11]	[13]	[10]	
	[4]		[8]		[14]	[6]	
	[12]	[9]		[3]		[7]	
	[0]		[5]		[1]		[2]	
---------------------Inverse-------------
	[12]	[14]	[15]	[10]	
	[4]		[13]	[7]		[11]	
	[5]		[9]		[3]		[1]	
	[8]		[2]		[6]		[0]	
file [3][tables/s_box4.DES]
	[7]		[12]	[11]	[0]	
	[14]	[9]		[5]		[4]	
	[2]		[13]	[8]		[15]	
	[3]		[1]		[6]		[10]	
---------------------Inverse-------------
	[3]		[13]	[8]		[12]	
	[7]		[6]		[14]	[0]	
	[10]	[5]		[15]	[2]	
	[1]		[9]		[4]		[11]	
file [4][tables/s_box5.DES]
	[11]	[0]		[1]		[3]	
	[13]	[6]		[5]		[4]	
	[2]		[8]		[15]	[9]	
	[7]		[10]	[14]	[12]	
---------------------Inverse-------------
	[1]		[2]		[8]		[3]	
	[7]		[6]		[5]		[12]	
	[9]		[11]	[13]	[0]	
	[15]	[4]		[14]	[10]	
file [5][tables/s_box6.DES]
	[8]		[6]		[2]		[11]	
	[10]	[3]		[4]		[5]	
	[13]	[0]		[9]		[15]	
	[12]	[7]		[1]		[14]	
---------------------Inverse-------------
	[9]		[14]	[2]		[5]	
	[6]		[7]		[1]		[13]	
	[0]		[10]	[4]		[3]	
	[12]	[8]		[15]	[11]	
file [6][tables/s_box7.DES]
	[0]		[4]		[5]		[7]	
	[10]	[13]	[1]		[9]	
	[12]	[15]	[2]		[6]	
	[3]		[14]	[8]		[11]	
---------------------Inverse-------------
	[0]		[6]		[10]	[12]	
	[1]		[2]		[11]	[3]	
	[14]	[7]		[4]		[15]	
	[8]		[5]		[13]	[9]	
file [7][tables/s_box8.DES]
	[3]		[12]	[14]	[0]	
	[6]		[2]		[7]		[11]	
	[13]	[5]		[8]		[1]	
	[15]	[9]		[10]	[4]	
---------------------Inverse-------------
	[3]		[11]	[5]		[0]	
	[15]	[9]		[4]		[6]	
	[10]	[13]	[14]	[7]	
	[1]		[8]		[2]		[12]	
file [8][tables/s_box9.DES]
	[6]		[14]	[15]	[1]	
	[13]	[12]	[2]		[4]	
	[3]		[9]		[10]	[8]	
	[7]		[11]	[5]		[0]	
---------------------Inverse-------------
	[15]	[3]		[6]		[8]	
	[7]		[14]	[0]		[12]	
	[11]	[9]		[10]	[13]	
	[5]		[4]		[1]		[2]	
file [9][tables/s_box10.DES]
file [10][tables/p_box1.DES]
file [11][tables/p_box2.DES]
